1	Customer1 300 300
10	Customer10 350 350
100	Customer100 500 450
101	Customer101 300 300
102	Customer102 700 630
103	Customer103 150 150
104	Customer104 450 405
105	Customer105 200 200
106	Customer106 800 720
107	Customer107 250 250
108	Customer108 600 540
109	Customer109 400 400
11	Customer11 550 495
110	Customer110 350 350
111	Customer111 550 495
112	Customer112 650 585
113	Customer113 900 810
114	Customer114 100 100
115	Customer115 750 675
116	Customer116 50 50
117	Customer117 950 855
118	Customer118 850 765
119	Customer119 150 150
12	Customer12 650 585
120	Customer120 950 855
121	Customer121 700 630
122	Customer122 800 720
123	Customer123 300 300
124	Customer124 200 200
125	Customer125 600 540
126	Customer126 400 400
127	Customer127 350 350
128	Customer128 450 405
129	Customer129 500 450
13	Customer13 900 810
130	Customer130 100 100
131	Customer131 900 810
132	Customer132 800 720
133	Customer133 700 630
134	Customer134 200 200
135	Customer135 150 150
136	Customer136 250 250
137	Customer137 300 300
138	Customer138 600 540
139	Customer139 950 855
14	Customer14 100 100
140	Customer140 850 765
141	Customer141 550 495
142	Customer142 400 400
143	Customer143 450 405
144	Customer144 350 350
145	Customer145 750 675
146	Customer146 100 100
147	Customer147 650 585
148	Customer148 50 50
149	Customer149 700 630
15	Customer15 750 675
150	Customer150 800 720
151	Customer151 900 810
152	Customer152 200 200
153	Customer153 150 150
154	Customer154 300 300
155	Customer155 950 855
156	Customer156 850 765
157	Customer157 600 540
158	Customer158 700 630
159	Customer159 350 350
16	Customer16 50 50
160	Customer160 400 400
161	Customer161 450 405
162	Customer162 100 100
163	Customer163 750 675
164	Customer164 650 585
165	Customer165 550 495
166	Customer166 500 450
167	Customer167 250 250
168	Customer168 200 200
169	Customer169 300 300
17	Customer17 950 855
170	Customer170 850 765
171	Customer171 900 810
172	Customer172 800 720
173	Customer173 700 630
174	Customer174 600 540
175	Customer175 150 150
176	Customer176 100 100
177	Customer177 450 405
178	Customer178 750 675
179	Customer179 650 585
18	Customer18 850 765
180	Customer180 350 350
181	Customer181 250 250
182	Customer182 500 450
183	Customer183 400 400
184	Customer184 200 200
185	Customer185 950 855
186	Customer186 550 495
187	Customer187 300 300
188	Customer188 700 630
189	Customer189 150 150
19	Customer19 150 150
190	Customer190 800 720
191	Customer191 600 540
192	Customer192 850 765
193	Customer193 400 400
194	Customer194 450 405
195	Customer195 950 855
196	Customer196 200 200
197	Customer197 750 675
198	Customer198 650 585
199	Customer199 100 100
2	Customer2 700 630
20	Customer20 950 855
201	Customer201 500 450
202	Customer202 300 300
203	Customer203 700 630
204	Customer204 150 150
205	Customer205 450 405
206	Customer206 200 200
207	Customer207 800 720
208	Customer208 250 250
209	Customer209 600 540
21	Customer21 700 630
210	Customer210 400 400
211	Customer211 350 350
212	Customer212 550 495
213	Customer213 650 585
214	Customer214 900 810
215	Customer215 100 100
216	Customer216 750 675
217	Customer217 50 50
218	Customer218 950 855
219	Customer219 850 765
22	Customer22 800 720
220	Customer220 150 150
221	Customer221 950 855
222	Customer222 700 630
223	Customer223 800 720
224	Customer224 300 300
225	Customer225 200 200
226	Customer226 600 540
227	Customer227 400 400
228	Customer228 350 350
229	Customer229 450 405
23	Customer23 300 300
230	Customer230 500 450
231	Customer231 100 100
232	Customer232 900 810
233	Customer233 800 720
234	Customer234 700 630
235	Customer235 200 200
236	Customer236 150 150
237	Customer237 250 250
238	Customer238 300 300
239	Customer239 600 540
24	Customer24 200 200
240	Customer240 950 855
241	Customer241 850 765
242	Customer242 550 495
243	Customer243 400 400
244	Customer244 450 405
245	Customer245 350 350
246	Customer246 750 675
247	Customer247 100 100
248	Customer248 650 585
249	Customer249 50 50
25	Customer25 600 540
250	Customer250 700 630
251	Customer251 800 720
252	Customer252 900 810
253	Customer253 200 200
254	Customer254 150 150
255	Customer255 300 300
256	Customer256 950 855
257	Customer257 850 765
258	Customer258 600 540
259	Customer259 700 630
26	Customer26 400 400
260	Customer260 350 350
261	Customer261 400 400
262	Customer262 450 405
263	Customer263 100 100
264	Customer264 750 675
265	Customer265 650 585
266	Customer266 550 495
267	Customer267 500 450
268	Customer268 250 250
269	Customer269 200 200
27	Customer27 350 350
270	Customer270 300 300
271	Customer271 850 765
272	Customer272 900 810
273	Customer273 800 720
274	Customer274 700 630
275	Customer275 600 540
276	Customer276 150 150
277	Customer277 100 100
278	Customer278 450 405
279	Customer279 750 675
28	Customer28 450 405
280	Customer280 650 585
281	Customer281 350 350
282	Customer282 250 250
283	Customer283 500 450
284	Customer284 400 400
285	Customer285 200 200
286	Customer286 950 855
287	Customer287 550 495
288	Customer288 300 300
289	Customer289 700 630
29	Customer29 500 450
290	Customer290 150 150
291	Customer291 800 720
292	Customer292 600 540
293	Customer293 850 765
294	Customer294 400 400
295	Customer295 450 405
296	Customer296 950 855
297	Customer297 200 200
298	Customer298 750 675
299	Customer299 650 585
3	Customer3 150 150
30	Customer30 100 100
300	Customer300 100 100
31	Customer31 900 810
32	Customer32 800 720
33	Customer33 700 630
34	Customer34 200 200
35	Customer35 150 150
36	Customer36 250 250
37	Customer37 300 300
38	Customer38 600 540
39	Customer39 950 855
4	Customer4 450 405
40	Customer40 850 765
41	Customer41 550 495
42	Customer42 400 400
43	Customer43 450 405
44	Customer44 350 350
45	Customer45 750 675
46	Customer46 100 100
47	Customer47 650 585
48	Customer48 50 50
49	Customer49 700 630
5	Customer5 200 200
50	Customer50 800 720
51	Customer51 900 810
52	Customer52 200 200
53	Customer53 150 150
54	Customer54 300 300
55	Customer55 950 855
56	Customer56 850 765
57	Customer57 600 540
58	Customer58 700 630
59	Customer59 350 350
6	Customer6 800 720
60	Customer60 400 400
61	Customer61 450 405
62	Customer62 100 100
63	Customer63 750 675
64	Customer64 650 585
65	Customer65 550 495
66	Customer66 500 450
67	Customer67 250 250
68	Customer68 200 200
69	Customer69 300 300
7	Customer7 250 250
70	Customer70 850 765
71	Customer71 900 810
72	Customer72 800 720
73	Customer73 700 630
74	Customer74 600 540
75	Customer75 150 150
76	Customer76 100 100
77	Customer77 450 405
78	Customer78 750 675
79	Customer79 650 585
8	Customer8 600 540
80	Customer80 350 350
81	Customer81 250 250
82	Customer82 500 450
83	Customer83 400 400
84	Customer84 200 200
85	Customer85 950 855
86	Customer86 550 495
87	Customer87 300 300
88	Customer88 700 630
89	Customer89 150 150
9	Customer9 400 400
90	Customer90 800 720
91	Customer91 600 540
92	Customer92 850 765
93	Customer93 400 400
94	Customer94 450 405
95	Customer95 950 855
96	Customer96 200 200
97	Customer97 750 675
98	Customer98 650 585
99	Customer99 100 100
